846
63
205
751
215
578
552
498
117
1049
810
1026
929
719
862
592
400
334
920
686
320
940
27
15
466
1025
842
737
259
17
597
456
83
439
251
114
375
989
528
153
42
283
282
763
183
643
672
843
567
181
943
872
207
1005
605
1039
902
849
773
267
515
655
504
140
466
937
496
716
605
281
1026
585
717
194
835
527
203
352
828
787
574
91
5
1049
882
839
854
1061
53
631
272
251
436
760
602
317
549
631
172
579
661
638
882
788
355
616
381
328
92
967
492
805
54
51
187
492
463
396
822
345
625
789
1074
381
659
38
962
20
333
648
559
415
404
935
195
143
473
535
27
1065
743
800
263
430
733
629
271
842
368
276
1047
823
784
802
568
197
713
418
366
158
760
112
510
472
48
743
141
344
1046
968
24
336
1041
151
167
977
654
231
1054
879
389
498
1027
780
180
1052
378
430
355
565
1008
1080
850
302
871
5
550
182
800
957
377
1080
394
1035
264
566
752
154
542
985
371
27
59
1038
221
704
385
62
576
63
919
565
50
675
601
435
804
176
472
157
815
36
102
592
573
973
44
1049
341
1009
321
582
420
620
494
289
464
243
575
565
386
65
789
706
843
1050
1019
440
376
1074
944
755
570
105
604
355
343
1022
365
206
195
695
163
510
98
500
20
376
419
816
536
600
483
376
158
352
499
347
439
1005
211
311
678
494
366
1036
277
481
376
159
132
471
43
555
903
887
945
274
161
795
698
416
400
610
253
820
435
918
178
747
1024
846
263
464
337
925
1014
788
270
663
921
40
732
725
796
555
109
313
1092
912
721
820
697
290
573
386
303
883
303
934
50
576
145
47
763
998
294
543
238
274
949
913
511
1057
248
115
28
620
843
130
1081
473
327
702
531
510
1026
1090
852
939
68
913
471
995
1033
58
954
387
373
525
873
839
796
818
763
91
566
64
800
718
1079
611
219
6
643
395
227
475
87
945
528
58
448
649
515
106
631
617
544
870
607
734
16
166
928
757
410
1028
583
985
71
524
503
974
684
412
402
479
941
920
468
222
763
631
618
695
343
334
844
228
419
161
1072
53
849
989
790
229
768
270
332
143
447
664
702
637
735
1004
608
830
256
355
273
112
55
108
454
63
788
574
422
894
876
264
599
484
712
161
391
971
386
280
238
1001
487
383
826
231
973
570
507
1067
163
147
390
768
746
574
381
665
416
880
946
939
254
690
981
755
1051
597
568
225
371
561
1088
558
561
824
382
890
83
781
1064
1052
479
946
1091
615
786
631
183
764
61
569
313
111
648
358
163
1074
347
18
670
998
764
480
294
362
445
194
800
250
234
435
819
692
757
132
120
1044
78
267
822
407
31
592
539
882
337
595
537
199
877
749
757
750
1073
946
178
260
820
598
942
826
695
73
647
542
652
993
532
281
1038
471
769
621
664
461
475
515
999
431
298
174
804
871
982
852
1085
840
245
698
685
12
228
270
27
136
608
559
411
662
109
25
649
81
1084
841
128
326
89
1034
476
70
882
578
136
68
582
1024
93
640
389
6
433
984
75
747
453
328
973
713
58
957
496
48
337
477
513
290
612
29
13
543
70
298
130
1092
1076
766
170
43
25
421
891
42
855
93
815
26
177
328
197
897
716
116
52
760
211
475
1002
373
904
698
726
641
220
98
223
387
748
249
747
526
149
121
113
22
1051
821
88
714
808
336
675
719
843
785
427
921
180
1002
111
520
970
563
693
921
876
835
312
914
245
820
1072
944
162
215
350
193
533
256
440
786
896
780
443
236
689
860
129
820
59
933
564
1048
94
855
83
1004
97
128
508
502
644
977
548
170
172
1012
358
812
312
488
121
462
476
1002
755
259
13
209
939
698
115
957
446
167
631
539
171
422
90
182
295
600
361
305
592
164
15
706
691
231
861
429
256
75
46
967
206
971
965
69
912
390
125
247
1048
607
879
105
591
883
955
26
503
649
881
451
721
909
892
867
199
484
1039
276
79
300
528
813
951
293
162
1027
593
754
846
623
872
541
582
102
371
492
650
511
706
107
129
200
561
703
973
270
1039
219
120
829
881
1057
92
912
739
362
801
20
471
562
114
205
1091
327
992
951
432
335
946
901
11
48
297
293
217
593
683
657
886
709
670
662
645
600
128
1022
945
676
1042
475
428
579
653
760
714
1046
198
557
377
525
482
1092
41
1039
932
27
621
727
140
904
694
320
356
279
618
868
853
607
233
586
647
170
533
136
947
854
126
822
1040
357
395
301
849
597
444
60
592
236
663
1097
63
326
944
838
1025
243
618
138
238
361
720
894
5
997
467
962
1062
1000
589
713
956
528
367
74
930
132
640
187
1067
49
576
127
859
1080
466
318
772
643
446
695
47
57
116
41
1001
692
103
538
525
643
460
340
141
214
1043
472
1000
707
988
126
75
188
847
710
26
931
501
464
637
627
670
1068
5
422
759
413
182
953
573
731
1033
899
322
392
373
923
196
850
579
282
532
49
320
938
565
316
79
809
959
275
232
730
192
1024
854
969
695
519
215
620
784
107
284
990
699
748
304
451
686
332
170
582
173
1072
840
476
356
639
302
420
552
974
989
961
494
339
729
884
175
553
592
230
470
1036
651
458
149
474
89
133
622
778
716
640
353
482
139
409
431
632
1020
840
444
819
879
835
969
1003
284
910
248
680
438
868
450
1072
649
384
360
387
866
938
709
768
426
645
748
742
944
978
718
1053
978
321
500
759
938
434
861
453
167
537
159
396
141
843
652
140
187
39
953
121
1049
928
343
325
164
130
597
244
533
969
170
727
462
640
355
1053
552
263
991
904
237
161
489
526
862
462
876
186
941
642
344
462
323
728
1066
406
365
86
532
1073
1042
130
979
105
235
925
570
1084
883
475
480
1065
310
253
956
61
243
210
728
1035
83
597
929
866
1011
145
664
616
1005
313
897
149
1021
325
996
743
120
707
951
927
819
215
928
794
421
118
51
644
222
1097
305
139
341
421
882
82
216
353
323
686
466
732
290
387
593
498
191
32
222
168
62
1062
385
140
1032
901
619
260
202
431
204
1010
772
1081
912
369
563
509
981
81
600
1078
602
1011
108
595
176
50
1098
1076
406
699
385
1054
1082
772
97
363
788
672
700
494
912
160
715
951
820
1023
1095
840
1047
415
537
488
626
106
904
449
159
608
831
114
441
714
69
251
994
306
11
858
927
35
518
73
830
695
397
1064
629
429
446
633
700
999
702
86
813
934
418
100
135
1054
119
514
374
1040
187
902
693
227
720
707
552
597
507
46
355
292
447
200
250
437
983
961
86
218
314
119
895
235
302
612
389
394
165
166
373
332
1052
1042
595
140
947
371
528
239
182
1009
689
386
19
1086
737
344
889
353
484
1061
378
220
881
817
412
55
801
98
448
387
937
692
1039
676
831
735
61
594
809
340
604
239
600
748
870
1094
1038
459
533
282
818
835
1075
610
472
258
76
886
63
663
290
920
559
807
479
104
302
232
213
369
994
739
976
896
157
193
16
502
804
419
